
 0 	 31	 6
 2 	 29	 1
 2 	 23	 6
 2 	 17	 2
 2 	 13	 4
 2 	 29	 0
 2 	 23	 0
 2 	 29	 6
 0 	 24	 4
 0 	 28	 1
 2 	 8	 7
 0 	 17	 6
 0 	 22	 5
 2 	 29	 5
 0 	 12	 6
 0 	 1	 6
 0 	 30	 0
 0 	 33	 5
 0 	 7	 2
 0 	 25	 3
 0 	 3	 5
 0 	 12	 5
 0 	 9	 0
 0 	 9	 1
 0 	 1	 5
 0 	 25	 2
 0 	 20	 5
 0 	 18	 2
 0 	 4	 3
 0 	 16	 6
 0 	 28	 0
 0 	 19	 5
 2 	 7	 4
 2 	 29	 7
 2 	 2	 2
 2 	 8	 2
 2 	 13	 5
 2 	 19	 1
 2 	 8	 3
 2 	 29	 2
 2 	 1	 4
 2 	 23	 7
 2 	 34	 4
 2 	 31	 6
 2 	 7	 5
 2 	 13	 6
 2 	 23	 1
 2 	 13	 0
 0 	 34	 2
 0 	 4	 1
 0 	 23	 3
 0 	 28	 7
 0 	 25	 0
 0 	 12	 4
 0 	 15	 6
 0 	 18	 5
 0 	 17	 2
 0 	 34	 3
 0 	 4	 2
 0 	 22	 4
 0 	 3	 4
 0 	 25	 1
 0 	 7	 1
 0 	 33	 4
 2 	 29	 3
 2 	 2	 3
 2 	 28	 4
 2 	 34	 5
 2 	 20	 1
 2 	 7	 6
 2 	 13	 7
 2 	 18	 2
 2 	 13	 1
 2 	 34	 0
 2 	 23	 2
 2 	 28	 5
 2 	 34	 6
 2 	 1	 5
 2 	 7	 7
 2 	 15	 5
 0 	 16	 2
 0 	 28	 5
 0 	 19	 4
 0 	 23	 2
 0 	 13	 2
 0 	 16	 5
 0 	 20	 1
 0 	 34	 1
 0 	 4	 0
 0 	 7	 7
 0 	 28	 6
 0 	 20	 4
 0 	 1	 4
 0 	 13	 3
 0 	 17	 5
 0 	 7	 0
 2 	 7	 0
 2 	 13	 2
 2 	 34	 1
 2 	 31	 7
 2 	 28	 6
 2 	 34	 7
 2 	 23	 3
 2 	 13	 3
 2 	 16	 5
 2 	 22	 4
 2 	 12	 4
 2 	 34	 2
 2 	 7	 1
 2 	 28	 7
 2 	 4	 0
 2 	 22	 5
 0 	 17	 4
 0 	 31	 5
 0 	 13	 0
 0 	 13	 7
 0 	 2	 2
 0 	 28	 4
 0 	 34	 6
 0 	 23	 1
 0 	 29	 3
 0 	 18	 4
 0 	 7	 6
 0 	 13	 1
 0 	 15	 5
 0 	 2	 3
 0 	 34	 0
 0 	 34	 7
 2 	 15	 6
 2 	 17	 5
 2 	 17	 3
 2 	 33	 4
 2 	 34	 3
 2 	 1	 6
 2 	 12	 5
 2 	 4	 1
 2 	 28	 0
 2 	 16	 6
 2 	 18	 5
 2 	 7	 2
 2 	 33	 5
 2 	 3	 4
 2 	 7	 3
 2 	 17	 6
 0 	 29	 0
 0 	 13	 5
 0 	 2	 1
 0 	 8	 2
 0 	 34	 4
 0 	 20	 0
 0 	 29	 1
 0 	 16	 4
 0 	 23	 0
 0 	 23	 7
 0 	 13	 6
 0 	 7	 5
 0 	 8	 3
 0 	 34	 5
 0 	 19	 1
 0 	 29	 2
 2 	 4	 2
 2 	 22	 6
 2 	 28	 1
 2 	 19	 5
 2 	 19	 2
 2 	 12	 6
 2 	 3	 5
 2 	 1	 0
 2 	 33	 6
 2 	 4	 3
 2 	 1	 7
 2 	 18	 6
 2 	 20	 5
 2 	 12	 0
 2 	 33	 7
 2 	 3	 6
 0 	 18	 0
 0 	 8	 0
 0 	 29	 6
 0 	 2	 0
 0 	 24	 3
 0 	 14	 3
 0 	 18	 1
 0 	 8	 1
 0 	 13	 4
 0 	 19	 0
 0 	 23	 6
 0 	 29	 7
 0 	 15	 2
 0 	 7	 4
 0 	 15	 4
 0 	 32	 3
 2 	 22	 7
 2 	 28	 2
 2 	 9	 0
 2 	 12	 1
 2 	 12	 7
 2 	 24	 4
 2 	 20	 2
 2 	 19	 6
 2 	 9	 1
 2 	 18	 3
 2 	 20	 6
 2 	 24	 5
 2 	 6	 4
 2 	 15	 7
 2 	 3	 7
 2 	 27	 4
 0 	 29	 4
 0 	 32	 7
 0 	 23	 4
 0 	 14	 1
 0 	 31	 4
 0 	 24	 1
 0 	 8	 6
 0 	 17	 0
 0 	 24	 2
 0 	 29	 5
 0 	 17	 1
 0 	 23	 5
 0 	 14	 2
 0 	 32	 2
 0 	 2	 7
 0 	 8	 7
 2 	 28	 3
 2 	 9	 2
 2 	 6	 5
 2 	 3	 0
 2 	 9	 3
 2 	 22	 0
 2 	 16	 7
 2 	 24	 6
 2 	 1	 1
 2 	 33	 0
 2 	 8	 4
 2 	 27	 5
 2 	 3	 1
 2 	 24	 7
 2 	 22	 1
 2 	 33	 1
 0 	 19	 7
 0 	 9	 2
 0 	 11	 2
 0 	 2	 5
 0 	 9	 3
 0 	 32	 1
 0 	 3	 3
 0 	 24	 7
 0 	 11	 3
 0 	 20	 7
 0 	 14	 0
 0 	 16	 1
 0 	 24	 0
 0 	 8	 5
 0 	 15	 1
 0 	 2	 6
 2 	 17	 7
 2 	 1	 2
 2 	 14	 0
 2 	 12	 3
 2 	 1	 3
 2 	 29	 4
 2 	 18	 7
 2 	 19	 3
 2 	 8	 5
 2 	 33	 2
 2 	 22	 2
 2 	 8	 6
 2 	 24	 0
 2 	 6	 6
 2 	 24	 1
 2 	 27	 7
 0 	 32	 4
 0 	 3	 6
 0 	 27	 3
 0 	 18	 7
 0 	 24	 5
 0 	 11	 1
 0 	 33	 3
 0 	 3	 7
 0 	 26	 7
 0 	 16	 0
 0 	 20	 6
 0 	 32	 6
 0 	 3	 2
 0 	 24	 6
 0 	 32	 0
 0 	 2	 4
 2 	 6	 7
 2 	 24	 2
 2 	 15	 0
 2 	 0	 5
 2 	 24	 3
 2 	 3	 2
 2 	 12	 2
 2 	 3	 3
 2 	 19	 7
 2 	 6	 0
 2 	 8	 0
 2 	 32	 4
 2 	 20	 3
 2 	 8	 1
 2 	 11	 5
 2 	 27	 6
 0 	 27	 2
 0 	 11	 5
 0 	 33	 6
 0 	 32	 5
 0 	 27	 7
 0 	 33	 7
 0 	 26	 6
 0 	 17	 7
 0 	 18	 6
 0 	 16	 3
 0 	 3	 1
 0 	 19	 6
 0 	 11	 0
 0 	 15	 0
 0 	 3	 0
 0 	 11	 7
 2 	 20	 7
 2 	 33	 3
 2 	 22	 3
 2 	 23	 4
 2 	 2	 4
 2 	 21	 4
 2 	 23	 5
 2 	 16	 0
 2 	 11	 4
 2 	 2	 5
 2 	 11	 6
 2 	 0	 6
 2 	 2	 6
 2 	 27	 1
 2 	 0	 7
 2 	 2	 7
 0 	 28	 2
 0 	 6	 3
 0 	 27	 0
 0 	 28	 3
 0 	 10	 7
 0 	 11	 4
 0 	 33	 0
 0 	 15	 3
 0 	 12	 3
 0 	 12	 7
 0 	 26	 5
 0 	 33	 1
 0 	 15	 7
 0 	 11	 6
 0 	 33	 2
 0 	 16	 7
 2 	 17	 0
 2 	 6	 1
 2 	 18	 0
 2 	 32	 5
 2 	 27	 0
 2 	 19	 0
 2 	 32	 6
 2 	 6	 2
 2 	 20	 0
 2 	 27	 2
 2 	 6	 3
 2 	 32	 7
 2 	 11	 7
 2 	 5	 4
 2 	 2	 0
 2 	 15	 1
 0 	 6	 6
 0 	 22	 7
 0 	 0	 4
 0 	 6	 7
 0 	 27	 4
 0 	 10	 6
 0 	 22	 3
 0 	 7	 3
 0 	 6	 1
 0 	 27	 5
 0 	 12	 0
 0 	 6	 2
 0 	 27	 6
 0 	 12	 1
 0 	 27	 1
 0 	 12	 2
 2 	 21	 0
 2 	 2	 1
 2 	 27	 3
 2 	 21	 5
 2 	 16	 1
 2 	 11	 0
 2 	 21	 6
 2 	 17	 1
 2 	 32	 0
 2 	 21	 7
 2 	 18	 1
 2 	 11	 1
 2 	 5	 5
 2 	 32	 1
 2 	 11	 2
 2 	 21	 1
 0 	 10	 4
 0 	 1	 2
 0 	 22	 0
 0 	 31	 3
 0 	 1	 3
 0 	 1	 7
 0 	 21	 6
 0 	 22	 1
 0 	 6	 4
 0 	 10	 5
 0 	 6	 0
 0 	 6	 5
 0 	 21	 7
 0 	 22	 2
 0 	 22	 6
 0 	 26	 4
 2 	 32	 2
 2 	 26	 4
 2 	 5	 6
 2 	 32	 3
 2 	 26	 5
 2 	 21	 3
 2 	 11	 3
 2 	 26	 6
 2 	 5	 7
 2 	 15	 2
 2 	 10	 4
 2 	 21	 2
 2 	 16	 2
 2 	 10	 5
 2 	 26	 0
 2 	 26	 7
 0 	 19	 3
 0 	 26	 3
 0 	 5	 5
 0 	 31	 7
 0 	 31	 0
 0 	 5	 6
 0 	 1	 0
 0 	 31	 2
 0 	 20	 3
 0 	 1	 1
 0 	 5	 7
 0 	 21	 4
 0 	 19	 2
 0 	 31	 1
 0 	 21	 5
 0 	 20	 2
 2 	 10	 6
 2 	 26	 1
 2 	 31	 4
 2 	 26	 3
 2 	 26	 2
 2 	 31	 5
 2 	 31	 0
 2 	 0	 0
 2 	 10	 7
 2 	 31	 1
 2 	 0	 2
 2 	 15	 3
 2 	 10	 0
 2 	 0	 3
 2 	 16	 3
 2 	 5	 2
 0 	 5	 1
 0 	 0	 5
 0 	 5	 3
 0 	 0	 3
 0 	 0	 6
 0 	 10	 0
 0 	 21	 3
 0 	 0	 7
 0 	 10	 1
 0 	 26	 0
 0 	 17	 3
 0 	 10	 3
 0 	 26	 1
 0 	 18	 3
 0 	 26	 2
 0 	 5	 4
 2 	 5	 0
 2 	 31	 2
 2 	 5	 3
 3 	 14	 2
 2 	 31	 3
 2 	 10	 1
 2 	 0	 1
 2 	 0	 4
 3 	 25	 2
 2 	 5	 1
 2 	 10	 2
 3 	 25	 0
 3 	 16	 4
 2 	 10	 3
 3 	 19	 4
 3 	 14	 3
 1 	 4	 6
 1 	 35	 2
 0 	 0	 0
 1 	 4	 5
 1 	 35	 0
 0 	 0	 1
 1 	 35	 3
 1 	 30	 2
 0 	 21	 0
 0 	 5	 2
 0 	 0	 2
 0 	 21	 1
 0 	 10	 2
 0 	 5	 0
 0 	 21	 2
 1 	 9	 4
 3 	 25	 3
 3 	 18	 4
 3 	 15	 4
 3 	 14	 0
 3 	 20	 4
 3 	 17	 4
 3 	 9	 3
 3 	 25	 1
 3 	 4	 2
 3 	 34	 4
 3 	 9	 2
 3 	 34	 6
 3 	 29	 7
 3 	 9	 0
 3 	 14	 1
 3 	 29	 6
 1 	 34	 7
 1 	 20	 4
 1 	 17	 4
 1 	 34	 6
 1 	 4	 7
 1 	 15	 4
 1 	 34	 5
 1 	 25	 2
 1 	 30	 1
 1 	 14	 3
 1 	 19	 4
 1 	 30	 3
 1 	 14	 2
 1 	 4	 4
 1 	 35	 1
 1 	 30	 0
 3 	 4	 3
 3 	 4	 1
 3 	 16	 5
 3 	 9	 1
 3 	 4	 0
 3 	 15	 5
 3 	 29	 5
 3 	 34	 7
 3 	 13	 7
 3 	 29	 4
 3 	 34	 5
 3 	 3	 4
 3 	 24	 7
 3 	 24	 6
 3 	 34	 3
 3 	 13	 6
 1 	 20	 5
 1 	 3	 4
 1 	 9	 0
 1 	 4	 2
 1 	 34	 3
 1 	 4	 3
 1 	 4	 1
 1 	 19	 5
 1 	 25	 3
 1 	 4	 0
 1 	 18	 5
 1 	 25	 1
 1 	 16	 4
 1 	 17	 5
 1 	 25	 0
 1 	 18	 4
 3 	 24	 5
 3 	 34	 2
 3 	 13	 5
 3 	 24	 4
 3 	 19	 6
 3 	 13	 4
 3 	 19	 5
 3 	 18	 6
 3 	 34	 1
 3 	 8	 7
 3 	 17	 6
 3 	 34	 0
 3 	 20	 5
 3 	 3	 0
 3 	 29	 3
 3 	 8	 6
 1 	 14	 0
 1 	 8	 4
 1 	 28	 7
 1 	 24	 7
 1 	 3	 7
 1 	 17	 6
 1 	 9	 2
 1 	 3	 6
 1 	 16	 6
 1 	 24	 6
 1 	 24	 5
 1 	 15	 6
 1 	 9	 3
 1 	 24	 4
 1 	 3	 5
 1 	 9	 1
 3 	 33	 7
 3 	 16	 6
 3 	 18	 5
 3 	 33	 6
 3 	 15	 6
 3 	 29	 2
 3 	 17	 7
 3 	 33	 5
 3 	 8	 5
 3 	 16	 7
 3 	 13	 3
 3 	 29	 1
 3 	 15	 7
 3 	 33	 4
 3 	 29	 0
 3 	 33	 2
 1 	 23	 3
 1 	 14	 1
 1 	 33	 7
 1 	 12	 6
 1 	 8	 7
 1 	 20	 6
 1 	 12	 5
 1 	 8	 6
 1 	 33	 6
 1 	 12	 4
 1 	 8	 5
 1 	 19	 6
 1 	 33	 5
 1 	 29	 4
 1 	 18	 6
 1 	 33	 4
 3 	 12	 7
 3 	 17	 5
 3 	 33	 1
 3 	 12	 6
 3 	 8	 4
 3 	 33	 0
 3 	 28	 7
 3 	 13	 2
 3 	 15	 0
 3 	 28	 3
 3 	 13	 1
 3 	 12	 3
 3 	 28	 2
 3 	 28	 5
 3 	 12	 2
 3 	 12	 1
 1 	 7	 3
 1 	 7	 2
 1 	 24	 2
 1 	 28	 3
 1 	 7	 1
 1 	 3	 2
 1 	 28	 2
 1 	 7	 0
 1 	 24	 1
 1 	 3	 0
 1 	 28	 1
 1 	 24	 0
 1 	 15	 7
 1 	 28	 0
 1 	 29	 5
 1 	 12	 7
 3 	 13	 0
 3 	 32	 4
 3 	 28	 6
 3 	 3	 7
 3 	 27	 7
 3 	 12	 5
 3 	 3	 6
 3 	 27	 6
 3 	 12	 0
 3 	 24	 3
 3 	 11	 6
 3 	 27	 5
 3 	 7	 7
 3 	 11	 5
 3 	 27	 4
 3 	 28	 4
 1 	 33	 2
 1 	 22	 7
 1 	 1	 5
 1 	 3	 3
 1 	 22	 6
 1 	 1	 4
 1 	 13	 4
 1 	 12	 0
 1 	 22	 5
 1 	 18	 7
 1 	 16	 7
 1 	 22	 4
 1 	 29	 7
 1 	 3	 1
 1 	 20	 1
 1 	 29	 6
 3 	 11	 4
 3 	 12	 4
 3 	 23	 3
 3 	 27	 2
 3 	 28	 1
 3 	 24	 2
 3 	 27	 1
 3 	 6	 7
 3 	 3	 5
 3 	 11	 0
 3 	 22	 3
 3 	 8	 3
 3 	 6	 3
 3 	 7	 3
 3 	 7	 6
 3 	 27	 0
 1 	 31	 5
 1 	 19	 7
 1 	 12	 1
 1 	 31	 4
 1 	 34	 4
 1 	 19	 2
 1 	 18	 2
 1 	 12	 3
 1 	 1	 7
 1 	 17	 2
 1 	 24	 3
 1 	 33	 0
 1 	 16	 2
 1 	 13	 5
 1 	 17	 7
 1 	 1	 6
 3 	 28	 0
 3 	 23	 7
 3 	 26	 4
 3 	 6	 6
 3 	 8	 2
 3 	 5	 7
 3 	 22	 7
 3 	 24	 1
 3 	 21	 7
 3 	 7	 2
 3 	 23	 2
 3 	 6	 2
 3 	 22	 2
 3 	 23	 6
 3 	 5	 6
 3 	 22	 6
 1 	 6	 5
 1 	 0	 0
 1 	 29	 1
 1 	 12	 2
 1 	 26	 1
 1 	 29	 0
 1 	 6	 4
 1 	 10	 7
 1 	 13	 6
 1 	 27	 4
 1 	 10	 6
 1 	 8	 0
 1 	 31	 7
 1 	 31	 6
 1 	 20	 7
 1 	 33	 1
 3 	 6	 5
 3 	 8	 1
 3 	 21	 3
 3 	 22	 5
 3 	 23	 5
 3 	 21	 2
 3 	 22	 1
 3 	 8	 0
 3 	 5	 5
 3 	 6	 4
 3 	 7	 4
 3 	 21	 1
 3 	 6	 1
 3 	 7	 5
 3 	 21	 6
 3 	 22	 4
 1 	 27	 7
 1 	 23	 4
 1 	 0	 2
 1 	 22	 0
 1 	 8	 2
 1 	 0	 1
 1 	 6	 6
 1 	 29	 2
 1 	 26	 3
 1 	 27	 6
 1 	 33	 3
 1 	 15	 3
 1 	 20	 2
 1 	 8	 1
 1 	 26	 2
 1 	 27	 5
 3 	 23	 1
 3 	 5	 4
 3 	 1	 7
 3 	 24	 0
 3 	 21	 0
 3 	 6	 0
 3 	 7	 1
 3 	 21	 5
 3 	 1	 3
 3 	 2	 7
 3 	 0	 7
 3 	 1	 6
 3 	 23	 4
 3 	 10	 3
 3 	 20	 1
 3 	 7	 0
 1 	 17	 3
 1 	 32	 4
 1 	 15	 0
 1 	 5	 0
 1 	 11	 4
 1 	 8	 3
 1 	 31	 1
 1 	 1	 1
 1 	 13	 7
 1 	 0	 3
 1 	 1	 0
 1 	 23	 5
 1 	 31	 0
 1 	 6	 7
 1 	 2	 4
 1 	 16	 3
 3 	 21	 4
 3 	 22	 0
 3 	 23	 0
 3 	 0	 6
 3 	 1	 2
 3 	 2	 6
 3 	 10	 2
 3 	 20	 2
 3 	 2	 3
 3 	 20	 3
 3 	 1	 5
 3 	 3	 3
 3 	 0	 5
 3 	 19	 1
 3 	 20	 7
 3 	 10	 1
 1 	 2	 6
 1 	 5	 2
 1 	 32	 5
 1 	 13	 0
 1 	 31	 3
 1 	 11	 5
 1 	 29	 3
 1 	 18	 3
 1 	 22	 2
 1 	 23	 6
 1 	 5	 1
 1 	 1	 2
 1 	 16	 0
 1 	 31	 2
 1 	 22	 1
 1 	 2	 5
 3 	 1	 1
 3 	 20	 0
 3 	 19	 3
 3 	 19	 2
 3 	 2	 2
 3 	 0	 4
 3 	 1	 0
 3 	 2	 1
 3 	 10	 0
 3 	 1	 4
 3 	 18	 1
 3 	 18	 3
 3 	 18	 2
 3 	 2	 5
 3 	 31	 3
 3 	 31	 7
 1 	 6	 1
 1 	 15	 5
 1 	 0	 5
 1 	 27	 0
 1 	 23	 7
 1 	 20	 3
 1 	 11	 6
 1 	 32	 6
 1 	 5	 3
 1 	 6	 0
 1 	 18	 0
 1 	 0	 4
 1 	 22	 3
 1 	 17	 0
 1 	 19	 3
 1 	 1	 3
 3 	 20	 6
 3 	 5	 3
 3 	 17	 2
 3 	 19	 0
 3 	 17	 3
 3 	 32	 3
 3 	 2	 0
 3 	 31	 2
 3 	 31	 6
 3 	 17	 1
 3 	 5	 2
 3 	 16	 2
 3 	 18	 0
 3 	 16	 3
 3 	 31	 5
 3 	 3	 2
 1 	 0	 7
 1 	 6	 3
 1 	 34	 0
 1 	 21	 5
 1 	 27	 2
 1 	 32	 7
 1 	 10	 1
 1 	 6	 2
 1 	 7	 4
 1 	 0	 6
 1 	 11	 7
 1 	 19	 0
 1 	 21	 4
 1 	 27	 1
 1 	 2	 7
 1 	 10	 0
 3 	 31	 1
 3 	 32	 2
 3 	 32	 7
 3 	 5	 1
 3 	 15	 2
 3 	 2	 4
 3 	 15	 3
 3 	 31	 4
 3 	 16	 1
 3 	 31	 0
 3 	 32	 1
 3 	 19	 7
 3 	 5	 0
 3 	 11	 3
 3 	 17	 0
 3 	 10	 7
 1 	 23	 0
 1 	 21	 7
 1 	 32	 0
 1 	 7	 5
 1 	 10	 3
 1 	 16	 1
 1 	 13	 1
 1 	 5	 4
 1 	 11	 0
 1 	 2	 0
 1 	 21	 6
 1 	 27	 3
 1 	 28	 4
 1 	 10	 2
 1 	 15	 1
 1 	 20	 0
 3 	 26	 7
 3 	 32	 6
 3 	 26	 3
 3 	 32	 0
 3 	 15	 1
 3 	 0	 3
 3 	 11	 2
 3 	 3	 1
 3 	 10	 6
 3 	 26	 6
 3 	 33	 3
 3 	 26	 2
 3 	 26	 5
 3 	 16	 0
 3 	 0	 2
 3 	 27	 3
 1 	 18	 1
 1 	 23	 1
 1 	 21	 1
 1 	 11	 3
 1 	 7	 6
 1 	 5	 6
 1 	 11	 2
 1 	 28	 5
 1 	 26	 4
 1 	 32	 1
 1 	 34	 1
 1 	 21	 0
 1 	 17	 1
 1 	 2	 1
 1 	 5	 5
 1 	 11	 1
 3 	 32	 5
 3 	 10	 5
 3 	 11	 1
 1 	 34	 2
 3 	 26	 1
 3 	 10	 4
 3 	 18	 7
 3 	 0	 1
 1 	 10	 5
 3 	 11	 7
 3 	 26	 0
 1 	 15	 2
 1 	 7	 7
 3 	 0	 0
 1 	 19	 1
 1 	 13	 3
 1 	 26	 0
 1 	 2	 3
 1 	 28	 6
 1 	 21	 3
 1 	 32	 3
 1 	 23	 2
 1 	 10	 4
 1 	 26	 7
 1 	 2	 2
 1 	 21	 2
 1 	 26	 6
 1 	 13	 2
 1 	 5	 7
 1 	 32	 2
 1 	 16	 5
 1 	 26	 5